goal=-612,-663,200/1000;
x_f=0;
y_f=0;
z_f=0;


 cam2gripperMat=[ 0.65023713 -0.75828364 -0.04687845 -0.04783965*12;
  0.75948385  0.64721192  0.06558212  0.04023272*0.05;
 -0.01938956 -0.07824736  0.9967454  -0.30242583*1.2;
  0.          0.          0.          1.        ];

world2base=[-0.75169453  0.36119434 -0.55180973 -0.92178217;
  0.53491062  0.82332452 -0.18975605 -0.87791514;
  0.38577967 -0.43780747 -0.81209523  0.4758178;
  0.          0.          0.          1.        ];


 gripper2baseMat=[-0.58301632 -0.58340554 -0.56544668 -0.31047764;
 -0.51109442  0.80436891 -0.30294084 -0.32324689;
  0.63156509  0.11237719 -0.76713552  0.52924128;
  0.          0.          0.          1.        ]


 world2camMat=[ 0.95903578 -0.2824886  -0.02122661  0.30552397;
  0.28317674  0.95804545  0.04427026 -0.65083673;
  0.00783022 -0.04846765  0.99879406  0.81475   ;
  0.          0.          0.          1.        ]


w2b=gripper2baseMat*cam2gripperMat*world2camMat
  
    
  
